[gd_scene load_steps=5 format=3 uid="uid://ci7l5phrxepg6"]

[sub_resource type="StandardMaterial3D" id="StandardMaterial3D_yfk6w"]
albedo_color = Color(0.44, 0.275, 0.11, 1)

[sub_resource type="ProceduralSkyMaterial" id="ProceduralSkyMaterial_pnfku"]
sky_horizon_color = Color(0.66224277, 0.6717428, 0.6867428, 1)
ground_horizon_color = Color(0.66224277, 0.6717428, 0.6867428, 1)

[sub_resource type="Sky" id="Sky_o6mkr"]
sky_material = SubResource("ProceduralSkyMaterial_pnfku")

[sub_resource type="Environment" id="Environment_apigy"]
background_mode = 1
background_color = Color(0.06, 0.03184, 0.0072000003, 1)
sky = SubResource("Sky_o6mkr")
ambient_light_source = 3
tonemap_mode = 2
glow_enabled = true

[node name="floor" type="CSGBox3D" groups=["Fail"]]
use_collision = true
size = Vector3(30, 8, 5)
material = SubResource("StandardMaterial3D_yfk6w")

[node name="Wall" type="CSGBox3D" parent="."]
transform = Transform3D(0.96391904, -0.26619548, 0, 0.26619548, 0.96391904, 0, 0, 0, 1, -13.626156, 8.742611, 0)
size = Vector3(4, 10, 4)
material = SubResource("StandardMaterial3D_yfk6w")

[node name="Wall2" type="CSGBox3D" parent="."]
transform = Transform3D(0.9095629, 0.41556662, 0, -0.41556662, 0.9095629, 0, 0, 0, 1, -13.500944, 10.356552, 0)
size = Vector3(4, 10, 4)
material = SubResource("StandardMaterial3D_yfk6w")

[node name="Wall3" type="CSGBox3D" parent="."]
transform = Transform3D(0.9095629, 0.41556662, 0, -0.41556662, 0.9095629, 0, 0, 0, 1, 14.999006, 7.2332687, 0)
size = Vector3(4, 10, 4)
material = SubResource("StandardMaterial3D_yfk6w")

[node name="Wall4" type="CSGBox3D" parent="."]
transform = Transform3D(0.8444029, -0.5357089, 0, 0.5357089, 0.8444029, 0, 0, 0, 1, 14.999006, 15.171613, 0)
size = Vector3(4, 10, 4)
material = SubResource("StandardMaterial3D_yfk6w")

[node name="Ceiling" type="CSGBox3D" parent="."]
transform = Transform3D(0.51737005, 0.855762, 0, -0.855762, 0.51737005, 0, 0, 0, 1, -9.141363, 17.383934, 0)
size = Vector3(4, 10, 4)
material = SubResource("StandardMaterial3D_yfk6w")

[node name="Ceiling2" type="CSGBox3D" parent="."]
transform = Transform3D(0.19522724, 0.9807582, 0, -0.9807582, 0.19522724, 0, 0, 0, 1, -1.2680874, 19.661331, 0)
size = Vector3(4, 10, 4)
material = SubResource("StandardMaterial3D_yfk6w")

[node name="Ceiling3" type="CSGBox3D" parent="."]
transform = Transform3D(-0.2176833, 0.9760195, 0, -0.9760195, -0.2176833, 0, 0, 0, 1, 7.9716167, 20.971844, 0)
size = Vector3(4, 10, 4)
material = SubResource("StandardMaterial3D_yfk6w")

[node name="BackGroundPillar" type="CSGBox3D" parent="."]
transform = Transform3D(-0.6148494, 0.33818403, -0.71245486, -0.6092091, -0.77736264, 0.15675412, -0.50082386, 0.5304141, 0.6839856, 11.796104, 3.997, -5)
size = Vector3(4, 10, 4)
material = SubResource("StandardMaterial3D_yfk6w")

[node name="BackGroundPillar2" type="CSGBox3D" parent="."]
transform = Transform3D(-0.943329, 0.298447, -0.14512049, -0.32516718, -0.9186213, 0.22450249, -0.066308655, 0.25896803, 0.9636071, 5.53673, 3.997, -9.6459255)
size = Vector3(4, 10, 4)
material = SubResource("StandardMaterial3D_yfk6w")

[node name="BackGroundPillar3" type="CSGBox3D" parent="."]
transform = Transform3D(0.41468278, -0.44892332, 0.79152143, 0.05645094, -0.8554696, -0.51476735, 0.9082134, 0.25814724, -0.32940632, 13.140176, 19.13953, -8.423806)
size = Vector3(4, 10, 4)
material = SubResource("StandardMaterial3D_yfk6w")

[node name="BackGroundPillar4" type="CSGBox3D" parent="."]
transform = Transform3D(-0.87620574, 0.4819372, 0, -0.4819372, -0.87620574, 0, 0, 0, 1, -0.885272, 3.997, -5)
size = Vector3(4, 10, 4)
material = SubResource("StandardMaterial3D_yfk6w")

[node name="BackGroundPillar5" type="CSGBox3D" parent="."]
transform = Transform3D(-0.07172622, -0.7625609, -0.6429281, -0.10505776, -0.6352269, 0.7651471, -0.991876, 0.12242558, -0.034550495, -11.4650345, 3.997, -7.8816185)
size = Vector3(4, 10, 4)
material = SubResource("StandardMaterial3D_yfk6w")

[node name="BackGroundPillar6" type="CSGBox3D" parent="."]
transform = Transform3D(-0.069385454, -0.2930354, 0.9535808, 0.10661823, 0.9482312, 0.2991493, -0.991876, 0.12242558, -0.034550488, -4.9469986, 18.654167, -7.8816185)
size = Vector3(4, 10, 4)
material = SubResource("StandardMaterial3D_yfk6w")

[node name="CSGCylinder3D" type="CSGCylinder3D" parent="."]
transform = Transform3D(-0.99999994, 8.742277e-08, 0, -8.742277e-08, -0.99999994, 0, 0, 0, 1, 0, 16.317768, -5)
height = 10.0
cone = true
material = SubResource("StandardMaterial3D_yfk6w")

[node name="CSGCylinder3D2" type="CSGCylinder3D" parent="."]
transform = Transform3D(-0.99999994, 8.742277e-08, 0, -8.742277e-08, -0.99999994, 0, 0, 0, 1, 1.1798434, 17.411676, -5)
height = 7.8
cone = true
material = SubResource("StandardMaterial3D_yfk6w")

[node name="CSGCylinder3D3" type="CSGCylinder3D" parent="."]
transform = Transform3D(-0.99999994, 8.742277e-08, 0, -8.742277e-08, -0.99999994, 0, 0, 0, 1, 2.3601944, 18.96761, -5)
height = 4.7003174
cone = true
material = SubResource("StandardMaterial3D_yfk6w")

[node name="CSGCylinder3D4" type="CSGCylinder3D" parent="."]
transform = Transform3D(-0.99999994, 8.742277e-08, 0, -8.742277e-08, -0.99999994, 0, 0, 0, 1, 3.615255, 18.766987, -5)
height = 5.1015625
cone = true
material = SubResource("StandardMaterial3D_yfk6w")

[node name="DirectionalLight3D" type="DirectionalLight3D" parent="."]
transform = Transform3D(0.9848077, -0.11161889, 0.13302222, 0, 0.76604444, 0.6427876, -0.17364818, -0.6330222, 0.7544065, 0, 0, 11.821226)
light_energy = 0.5
shadow_enabled = true

[node name="WorldEnvironment" type="WorldEnvironment" parent="."]
environment = SubResource("Environment_apigy")

[node name="OmniLight3D" type="OmniLight3D" parent="."]
transform = Transform3D(1, 0, 0, 0, 1, 0, 0, 0, 1, 1.6596994, 13, 0)
omni_range = 12.0
omni_attenuation = 0.5

[node name="OmniLight3D3" type="OmniLight3D" parent="."]
transform = Transform3D(1, 0, 0, 0, 1, 0, 0, 0, 1, 9.758283, 13, 0)
omni_range = 12.0
omni_attenuation = 0.5

[node name="OmniLight3D2" type="OmniLight3D" parent="."]
transform = Transform3D(1, 0, 0, 0, 1, 0, 0, 0, 1, -6.8124976, 13, 0)
omni_range = 12.0
omni_attenuation = 0.5
